2008;100;0;2;652
2008;125;0;2;761
2008;150;0;2;859
2008;200;0;2;964
2008;250;0;2;1134
2008;300;0;2;1293
2008;350;0;2;1525
2008;400;0;2;1757
2008;500;0;2;1994
2008;600;0;2;2438
2008;700;0;2;2927
2008;800;0;2;3445
2008;900;0;2;3966
2008;1000;0;2;4366
2008;1200;0;2;5424
2008;1400;0;2;6463
2008;100;0;4.4;681
2008;125;0;4.4;794
2008;150;0;4.4;906
2008;200;0;4.4;1011
2008;250;0;4.4;1193
2008;300;0;4.4;1362
2008;350;0;4.4;1600
2008;400;0;4.4;1839
2008;500;0;4.4;2097
2008;600;0;4.4;2568
2008;700;0;4.4;3070
2008;800;0;4.4;3623
2008;900;0;4.4;4165
2008;1000;0;4.4;4594
2008;1200;0;4.4;5702
2008;1400;0;4.4;6801
2008;100;0;6.8;713
2008;125;0;6.8;835
2008;150;0;6.8;944
2008;200;0;6.8;1061
2008;250;0;6.8;1244
2008;300;0;6.8;1427
2008;350;0;6.8;1671
2008;400;0;6.8;1927
2008;500;0;6.8;2201
2008;600;0;6.8;2692
2008;700;0;6.8;3217
2008;800;0;6.8;3796
2008;900;0;6.8;4365
2008;1000;0;6.8;4815
2008;1200;0;6.8;5979
2008;1400;0;6.8;7135
2008;100;1;2;763
2008;125;1;2;861
2008;150;1;2;971
2008;200;1;2;1121
2008;250;1;2;1292
2008;300;1;2;1463
2008;350;1;2;1765
2008;400;1;2;2034
2008;500;1;2;2320
2008;600;1;2;2903
2008;700;1;2;3416
2008;800;1;2;3936
2008;900;1;2;4432
2008;1000;1;2;4816
2008;1200;1;2;5912
2008;1400;1;2;6974
2008;100;1;4.4;790
2008;125;1;4.4;895
2008;150;1;4.4;1007
2008;200;1;4.4;1173
2008;250;1;4.4;1355
2008;300;1;4.4;1523
2008;350;1;4.4;1850
2008;400;1;4.4;2130
2008;500;1;4.4;2431
2008;600;1;4.4;3034
2008;700;1;4.4;3578
2008;800;1;4.4;4118
2008;900;1;4.4;4647
2008;1000;1;4.4;5043
2008;1200;1;4.4;6202
2008;1400;1;4.4;7315
2008;100;1;6.8;824
2008;125;1;6.8;934
2008;150;1;6.8;1044
2008;200;1;6.8;1219
2008;250;1;6.8;1414
2008;300;1;6.8;1585
2008;350;1;6.8;1924
2008;400;1;6.8;2229
2008;500;1;6.8;2539
2008;600;1;6.8;3169
2008;700;1;6.8;3743
2008;800;1;6.8;4299
2008;900;1;6.8;4855
2008;1000;1;6.8;5276
2008;1200;1;6.8;6490
2008;1400;1;6.8;7658
2008;100;-1;2;564
2008;125;-1;2;662
2008;150;-1;2;759
2008;200;-1;2;864
2008;250;-1;2;1034
2008;300;-1;2;1193
2008;350;-1;2;1400
2008;400;-1;2;1620
2008;500;-1;2;1845
2008;600;-1;2;2242
2008;700;-1;2;2668
2008;800;-1;2;3176
2008;900;-1;2;3684
2008;1000;-1;2;4091
2008;1200;-1;2;5094
2008;1400;-1;2;6073
2008;100;-1;4.4;595
2008;125;-1;4.4;693
2008;150;-1;4.4;791
2008;200;-1;4.4;911
2008;250;-1;4.4;1079
2008;300;-1;4.4;1247
2008;350;-1;4.4;1472
2008;400;-1;4.4;1696
2008;500;-1;4.4;1941
2008;600;-1;4.4;2357
2008;700;-1;4.4;2801
2008;800;-1;4.4;3341
2008;900;-1;4.4;3870
2008;1000;-1;4.4;4306
2008;1200;-1;4.4;5349
2008;1400;-1;4.4;6380
2008;100;-1;6.8;625
2008;125;-1;6.8;723
2008;150;-1;6.8;832
2008;200;-1;6.8;949
2008;250;-1;6.8;1132
2008;300;-1;6.8;1303
2008;350;-1;6.8;1547
2008;400;-1;6.8;1779
2008;500;-1;6.8;2028
2008;600;-1;6.8;2472
2008;700;-1;6.8;2934
2008;800;-1;6.8;3502
2008;900;-1;6.8;4059
2008;1000;-1;6.8;4516
2008;1200;-1;6.8;5613
2008;1400;-1;6.8;6687
2009.5;100;0;2;767
2009.5;125;0;2;897
2009.5;150;0;2;1027
2009.5;200;0;2;1151
2009.5;250;0;2;1359
2009.5;300;0;2;1541
2009.5;350;0;2;1814
2009.5;400;0;2;2087
2009.5;500;0;2;2392
2009.5;600;0;2;2938
2009.5;700;0;2;3526
2009.5;800;0;2;4160
2009.5;900;0;2;4784
2009.5;1000;0;2;5421
2009.5;1200;0;2;6716
2009.5;1400;0;2;8016
2009.5;100;0;4.4;806
2009.5;125;0;4.4;936
2009.5;150;0;4.4;1079
2009.5;200;0;4.4;1203
2009.5;250;0;4.4;1424
2009.5;300;0;4.4;1619
2009.5;350;0;4.4;1905
2009.5;400;0;4.4;2191
2009.5;500;0;4.4;2509
2009.5;600;0;4.4;3094
2009.5;700;0;4.4;3708
2009.5;800;0;4.4;4368
2009.5;900;0;4.4;5031
2009.5;1000;0;4.4;5694
2009.5;1200;0;4.4;7067
2009.5;1400;0;4.4;8432
2009.5;100;0;6.8;845
2009.5;125;0;6.8;975
2009.5;150;0;6.8;1131
2009.5;200;0;6.8;1255
2009.5;250;0;6.8;1489
2009.5;300;0;6.8;1697
2009.5;350;0;6.8;1996
2009.5;400;0;6.8;2295
2009.5;500;0;6.8;2626
2009.5;600;0;6.8;3250
2009.5;700;0;6.8;3890
2009.5;800;0;6.8;4576
2009.5;900;0;6.8;5278
2009.5;1000;0;6.8;5967
2009.5;1200;0;6.8;7418
2009.5;1400;0;6.8;8848
2009.5;100;1;2;881
2009.5;125;1;2;1011
2009.5;150;1;2;1128
2009.5;200;1;2;1311
2009.5;250;1;2;1519
2009.5;300;1;2;1714
2009.5;350;1;2;2085
2009.5;400;1;2;2397
2009.5;500;1;2;2740
2009.5;600;1;2;3456
2009.5;700;1;2;4070
2009.5;800;1;2;4693
2009.5;900;1;2;5291
2009.5;1000;1;2;5889
2009.5;1200;1;2;7248
2009.5;1400;1;2;8574
2009.5;100;1;4.4;920
2009.5;125;1;4.4;1050
2009.5;150;1;4.4;1180
2009.5;200;1;4.4;1363
2009.5;250;1;4.4;1584
2009.5;300;1;4.4;1792
2009.5;350;1;4.4;2176
2009.5;400;1;4.4;2514
2009.5;500;1;4.4;2870
2009.5;600;1;4.4;3612
2009.5;700;1;4.4;4265
2009.5;800;1;4.4;4914
2009.5;900;1;4.4;5551
2009.5;1000;1;4.4;6175
2009.5;1200;1;4.4;7612
2009.5;1400;1;4.4;9003
2009.5;100;1;6.8;959
2009.5;125;1;6.8;1089
2009.5;150;1;6.8;1232
2009.5;200;1;6.8;1415
2009.5;250;1;6.8;1649
2009.5;300;1;6.8;1870
2009.5;350;1;6.8;2267
2009.5;400;1;6.8;2631
2009.5;500;1;6.8;3000
2009.5;600;1;6.8;3781
2009.5;700;1;6.8;4460
2009.5;800;1;6.8;5135
2009.5;900;1;6.8;5811
2009.5;1000;1;6.8;6461
2009.5;1200;1;6.8;7976
2009.5;1400;1;6.8;9432
2009.5;100;-1;2;674
2009.5;125;-1;2;778
2009.5;150;-1;2;895
2009.5;200;-1;2;1032
2009.5;250;-1;2;1214
2009.5;300;-1;2;1422
2009.5;350;-1;2;1682
2009.5;400;-1;2;1929
2009.5;500;-1;2;2208
2009.5;600;-1;2;2702
2009.5;700;-1;2;3209
2009.5;800;-1;2;3832
2009.5;900;-1;2;4456
2009.5;1000;-1;2;5067
2009.5;1200;-1;2;6300
2009.5;1400;-1;2;7522
2009.5;100;-1;4.4;700
2009.5;125;-1;4.4;817
2009.5;150;-1;4.4;934
2009.5;200;-1;4.4;1084
2009.5;250;-1;4.4;1279
2009.5;300;-1;4.4;1487
2009.5;350;-1;4.4;1760
2009.5;400;-1;4.4;2020
2009.5;500;-1;4.4;2325
2009.5;600;-1;4.4;2845
2009.5;700;-1;4.4;3378
2009.5;800;-1;4.4;4027
2009.5;900;-1;4.4;4677
2009.5;1000;-1;4.4;5327
2009.5;1200;-1;4.4;6625
2009.5;1400;-1;4.4;7912
2009.5;100;-1;6.8;726
2009.5;125;-1;6.8;856
2009.5;150;-1;6.8;973
2009.5;200;-1;6.8;1136
2009.5;250;-1;6.8;1344
2009.5;300;-1;6.8;1552
2009.5;350;-1;6.8;1838
2009.5;400;-1;6.8;2111
2009.5;500;-1;6.8;2442
2009.5;600;-1;6.8;2988
2009.5;700;-1;6.8;3547
2009.5;800;-1;6.8;4222
2009.5;900;-1;6.8;4911
2009.5;1000;-1;6.8;5587
2009.5;1200;-1;6.8;6950
2009.5;1400;-1;6.8;8302
2011.5;100;0;2;950
2011.5;125;0;2;1080
2011.5;150;0;2;1240
2011.5;200;0;2;1420
2011.5;250;0;2;1640
2011.5;300;0;2;1870
2011.5;350;0;2;2190
2011.5;400;0;2;2500
2011.5;500;0;2;2820
2011.5;600;0;2;3500
2011.5;700;0;2;4120
2011.5;800;0;2;4810
2011.5;900;0;2;5510
2011.5;1000;0;2;6050
2011.5;1200;0;2;7480
2011.5;1400;0;2;8840
2011.5;100;0;4.4;990
2011.5;125;0;4.4;1140
2011.5;150;0;4.4;1300
2011.5;200;0;4.4;1480
2011.5;250;0;4.4;1730
2011.5;300;0;4.4;1960
2011.5;350;0;4.4;2300
2011.5;400;0;4.4;2620
2011.5;500;0;4.4;2950
2011.5;600;0;4.4;3670
2011.5;700;0;4.4;4320
2011.5;800;0;4.4;5050
2011.5;900;0;4.4;5790
2011.5;1000;0;4.4;6350
2011.5;1200;0;4.4;7850
2011.5;1400;0;4.4;9290
2011.5;100;0;6.8;1030
2011.5;125;0;6.8;1190
2011.5;150;0;6.8;1350
2011.5;200;0;6.8;1550
2011.5;250;0;6.8;1810
2011.5;300;0;6.8;2050
2011.5;350;0;6.8;2410
2011.5;400;0;6.8;2740
2011.5;500;0;6.8;3080
2011.5;600;0;6.8;3840
2011.5;700;0;6.8;4510
2011.5;800;0;6.8;5280
2011.5;900;0;6.8;6060
2011.5;1000;0;6.8;6650
2011.5;1200;0;6.8;8230
2011.5;1400;0;6.8;9740
2011.5;100;1;2;1000
2011.5;125;1;2;1140
2011.5;150;1;2;1290
2011.5;200;1;2;1460
2011.5;250;1;2;1710
2011.5;300;1;2;1920
2011.5;350;1;2;2350
2011.5;400;1;2;2710
2011.5;500;1;2;3040
2011.5;600;1;2;3810
2011.5;700;1;2;4470
2011.5;800;1;2;5160
2011.5;900;1;2;5840
2011.5;1000;1;2;6300
2011.5;1200;1;2;7730
2011.5;1400;1;2;9150
2011.5;100;1;4.4;1040
2011.5;125;1;4.4;1190
2011.5;150;1;4.4;1340
2011.5;200;1;4.4;1530
2011.5;250;1;4.4;1790
2011.5;300;1;4.4;2020
2011.5;350;1;4.4;2460
2011.5;400;1;4.4;2840
2011.5;500;1;4.4;3180
2011.5;600;1;4.4;3990
2011.5;700;1;4.4;4690
2011.5;800;1;4.4;5410
2011.5;900;1;4.4;6120
2011.5;1000;1;4.4;6610
2011.5;1200;1;4.4;8110
2011.5;1400;1;4.4;9610
2011.5;100;1;6.8;1080
2011.5;125;1;6.8;1250
2011.5;150;1;6.8;1400
2011.5;200;1;6.8;1600
2011.5;250;1;6.8;1870
2011.5;300;1;6.8;2110
2011.5;350;1;6.8;2570
2011.5;400;1;6.8;2970
2011.5;500;1;6.8;3320
2011.5;600;1;6.8;4170
2011.5;700;1;6.8;4910
2011.5;800;1;6.8;5650
2011.5;900;1;6.8;6410
2011.5;1000;1;6.8;6930
2011.5;1200;1;6.8;8500
2011.5;1400;1;6.8;10080
2011.5;100;-1;2;820
2011.5;125;-1;2;950
2011.5;150;-1;2;1070
2011.5;200;-1;2;1280
2011.5;250;-1;2;1490
2011.5;300;-1;2;1720
2011.5;350;-1;2;2020
2011.5;400;-1;2;2130
2011.5;500;-1;2;2590
2011.5;600;-1;2;3210
2011.5;700;-1;2;3750
2011.5;800;-1;2;4430
2011.5;900;-1;2;5120
2011.5;1000;-1;2;5640
2011.5;1200;-1;2;6950
2011.5;1400;-1;2;8270
2011.5;100;-1;4.4;860
2011.5;125;-1;4.4;990
2011.5;150;-1;4.4;1130
2011.5;200;-1;4.4;1340
2011.5;250;-1;4.4;1550
2011.5;300;-1;4.4;1800
2011.5;350;-1;4.4;2120
2011.5;400;-1;4.4;2230
2011.5;500;-1;4.4;2710
2011.5;600;-1;4.4;3360
2011.5;700;-1;4.4;3930
2011.5;800;-1;4.4;4650
2011.5;900;-1;4.4;5380
2011.5;1000;-1;4.4;5910
2011.5;1200;-1;4.4;7300
2011.5;1400;-1;4.4;8690
2011.5;100;-1;6.8;900
2011.5;125;-1;6.8;1030
2011.5;150;-1;6.8;1180
2011.5;200;-1;6.8;1390
2011.5;250;-1;6.8;1620
2011.5;300;-1;6.8;1880
2011.5;350;-1;6.8;2210
2011.5;400;-1;6.8;2330
2011.5;500;-1;6.8;2820
2011.5;600;-1;6.8;3520
2011.5;700;-1;6.8;4120
2011.5;800;-1;6.8;4870
2011.5;900;-1;6.8;5640
2011.5;1000;-1;6.8;6190
2011.5;1200;-1;6.8;7650
2011.5;1400;-1;6.8;9110
2014.5;100;0;2;950
2014.5;125;0;2;1080
2014.5;150;0;2;1240
2014.5;200;0;2;1420
2014.5;250;0;2;1640
2014.5;300;0;2;1870
2014.5;350;0;2;2190
2014.5;400;0;2;2500
2014.5;500;0;2;2820
2014.5;600;0;2;3500
2014.5;700;0;2;4120
2014.5;800;0;2;4810
2014.5;900;0;2;5510
2014.5;1000;0;2;6050
2014.5;1200;0;2;7480
2014.5;1400;0;2;8840
2014.5;100;0;4.4;990
2014.5;125;0;4.4;1140
2014.5;150;0;4.4;1300
2014.5;200;0;4.4;1480
2014.5;250;0;4.4;1730
2014.5;300;0;4.4;1960
2014.5;350;0;4.4;2300
2014.5;400;0;4.4;2620
2014.5;500;0;4.4;2950
2014.5;600;0;4.4;3670
2014.5;700;0;4.4;4320
2014.5;800;0;4.4;5050
2014.5;900;0;4.4;5790
2014.5;1000;0;4.4;6350
2014.5;1200;0;4.4;7850
2014.5;1400;0;4.4;9290
2014.5;100;0;6.8;990
2014.5;125;0;6.8;1140
2014.5;150;0;6.8;1300
2014.5;200;0;6.8;1480
2014.5;250;0;6.8;1730
2014.5;300;0;6.8;1960
2014.5;350;0;6.8;2300
2014.5;400;0;6.8;2620
2014.5;500;0;6.8;2950
2014.5;600;0;6.8;3670
2014.5;700;0;6.8;4320
2014.5;800;0;6.8;5050
2014.5;900;0;6.8;5790
2014.5;1000;0;6.8;6350
2014.5;1200;0;6.8;7850
2014.5;1400;0;6.8;9290
2014.5;100;1;2;1000
2014.5;125;1;2;1140
2014.5;150;1;2;1290
2014.5;200;1;2;1460
2014.5;250;1;2;1710
2014.5;300;1;2;1920
2014.5;350;1;2;2350
2014.5;400;1;2;2710
2014.5;500;1;2;3040
2014.5;600;1;2;3810
2014.5;700;1;2;4470
2014.5;800;1;2;5160
2014.5;900;1;2;5840
2014.5;1000;1;2;6300
2014.5;1200;1;2;7730
2014.5;1400;1;2;9150
2014.5;100;1;4.4;1040
2014.5;125;1;4.4;1190
2014.5;150;1;4.4;1340
2014.5;200;1;4.4;1530
2014.5;250;1;4.4;1790
2014.5;300;1;4.4;2020
2014.5;350;1;4.4;2460
2014.5;400;1;4.4;2840
2014.5;500;1;4.4;3180
2014.5;600;1;4.4;3990
2014.5;700;1;4.4;4690
2014.5;800;1;4.4;5410
2014.5;900;1;4.4;6120
2014.5;1000;1;4.4;6610
2014.5;1200;1;4.4;8110
2014.5;1400;1;4.4;9610
2014.5;100;1;6.8;1080
2014.5;125;1;6.8;1250
2014.5;150;1;6.8;1400
2014.5;200;1;6.8;1600
2014.5;250;1;6.8;1870
2014.5;300;1;6.8;2110
2014.5;350;1;6.8;2570
2014.5;400;1;6.8;2970
2014.5;500;1;6.8;3320
2014.5;600;1;6.8;4170
2014.5;700;1;6.8;4910
2014.5;800;1;6.8;5650
2014.5;900;1;6.8;6410
2014.5;1000;1;6.8;6930
2014.5;1200;1;6.8;8500
2014.5;1400;1;6.8;10080
2014.5;100;-1;2;820
2014.5;125;-1;2;950
2014.5;150;-1;2;1070
2014.5;200;-1;2;1280
2014.5;250;-1;2;1490
2014.5;300;-1;2;1720
2014.5;350;-1;2;2020
2014.5;400;-1;2;2130
2014.5;500;-1;2;2590
2014.5;600;-1;2;3210
2014.5;700;-1;2;3750
2014.5;800;-1;2;4430
2014.5;900;-1;2;5120
2014.5;1000;-1;2;5640
2014.5;1200;-1;2;6950
2014.5;1400;-1;2;8270
2014.5;100;-1;4.4;860
2014.5;125;-1;4.4;990
2014.5;150;-1;4.4;1130
2014.5;200;-1;4.4;1340
2014.5;250;-1;4.4;1550
2014.5;300;-1;4.4;1800
2014.5;350;-1;4.4;2120
2014.5;400;-1;4.4;2230
2014.5;500;-1;4.4;2710
2014.5;600;-1;4.4;3360
2014.5;700;-1;4.4;3930
2014.5;800;-1;4.4;4650
2014.5;900;-1;4.4;5380
2014.5;1000;-1;4.4;5910
2014.5;1200;-1;4.4;7300
2014.5;1400;-1;4.4;8690
2014.5;100;-1;6.8;900
2014.5;125;-1;6.8;1030
2014.5;150;-1;6.8;1180
2014.5;200;-1;6.8;1390
2014.5;250;-1;6.8;1620
2014.5;300;-1;6.8;1880
2014.5;350;-1;6.8;2210
2014.5;400;-1;6.8;2330
2014.5;500;-1;6.8;2820
2014.5;600;-1;6.8;3520
2014.5;700;-1;6.8;4120
2014.5;800;-1;6.8;4870
2014.5;900;-1;6.8;5640
2014.5;1000;-1;6.8;6190
2014.5;1200;-1;6.8;7650
2014.5;1400;-1;6.8;9110
2017;100;0;2;1050
2017;125;0;2;1200
2017;150;0;2;1360
2017;200;0;2;1480
2017;250;0;2;1710
2017;300;0;2;1930
2017;350;0;2;2220
2017;400;0;2;2520
2017;500;0;2;2870
2017;600;0;2;3550
2017;700;0;2;4050
2017;800;0;2;4730
2017;900;0;2;5410
2017;1000;0;2;5920
2017;1200;0;2;7300
2017;1400;0;2;8620
2017;100;0;4.4;1100
2017;125;0;4.4;1250
2017;150;0;4.4;1410
2017;200;0;4.4;1550
2017;250;0;4.4;1790
2017;300;0;4.4;2010
2017;350;0;4.4;2320
2017;400;0;4.4;2640
2017;500;0;4.4;3000
2017;600;0;4.4;3710
2017;700;0;4.4;4250
2017;800;0;4.4;4960
2017;900;0;4.4;5680
2017;1000;0;4.4;6210
2017;1200;0;4.4;7660
2017;1400;0;4.4;9060
2017;100;0;6.8;1140
2017;125;0;6.8;1290
2017;150;0;6.8;1470
2017;200;0;6.8;1610
2017;250;0;6.8;1870
2017;300;0;6.8;2090
2017;350;0;6.8;2420
2017;400;0;6.8;2760
2017;500;0;6.8;3130
2017;600;0;6.8;3890
2017;700;0;6.8;4450
2017;800;0;6.8;5190
2017;900;0;6.8;5950
2017;1000;0;6.8;6500
2017;1200;0;6.8;8020
2017;1400;0;6.8;9490
2017;100;1;2;1140
2017;125;1;2;1300
2017;150;1;2;1460
2017;200;1;2;1600
2017;250;1;2;1840
2017;300;1;2;2060
2017;350;1;2;2370
2017;400;1;2;2680
2017;500;1;2;3060
2017;600;1;2;3750
2017;700;1;2;4300
2017;800;1;2;5010
2017;900;1;2;5720
2017;1000;1;2;6260
2017;1200;1;2;7700
2017;1400;1;2;9090
2017;100;1;4.4;1190
2017;125;1;4.4;1350
2017;150;1;4.4;1520
2017;200;1;4.4;1660
2017;250;1;4.4;1920
2017;300;1;4.4;2150
2017;350;1;4.4;2470
2017;400;1;4.4;2800
2017;500;1;4.4;3200
2017;600;1;4.4;3930
2017;700;1;4.4;4510
2017;800;1;4.4;5250
2017;900;1;4.4;6000
2017;1000;1;4.4;6560
2017;1200;1;4.4;8090
2017;1400;1;4.4;9550
2017;100;1;6.8;1230
2017;125;1;6.8;1390
2017;150;1;6.8;1580
2017;200;1;6.8;1730
2017;250;1;6.8;2000
2017;300;1;6.8;2250
2017;350;1;6.8;2570
2017;400;1;6.8;2920
2017;500;1;6.8;3330
2017;600;1;6.8;4100
2017;700;1;6.8;4710
2017;800;1;6.8;5490
2017;900;1;6.8;6290
2017;1000;1;6.8;6860
2017;1200;1;6.8;8470
2017;1400;1;6.8;10000
2017;100;-1;2;1010
2017;125;-1;2;1140
2017;150;-1;2;1280
2017;200;-1;2;1410
2017;250;-1;2;1630
2017;300;-1;2;1820
2017;350;-1;2;2090
2017;400;-1;2;2380
2017;500;-1;2;2710
2017;600;-1;2;3350
2017;700;-1;2;3840
2017;800;-1;2;4470
2017;900;-1;2;5120
2017;1000;-1;2;5610
2017;1200;-1;2;6910
2017;1400;-1;2;8170
2017;100;-1;4.4;1040
2017;125;-1;4.4;1190
2017;150;-1;4.4;1340
2017;200;-1;4.4;1470
2017;250;-1;4.4;1700
2017;300;-1;4.4;1910
2017;350;-1;4.4;2190
2017;400;-1;4.4;2490
2017;500;-1;4.4;2840
2017;600;-1;4.4;3510
2017;700;-1;4.4;4020
2017;800;-1;4.4;4690
2017;900;-1;4.4;5370
2017;1000;-1;4.4;5880
2017;1200;-1;4.4;7260
2017;1400;-1;4.4;8580
2017;100;-1;6.8;1080
2017;125;-1;6.8;1240
2017;150;-1;6.8;1400
2017;200;-1;6.8;1540
2017;250;-1;6.8;1780
2017;300;-1;6.8;1990
2017;350;-1;6.8;2290
2017;400;-1;6.8;2600
2017;500;-1;6.8;2970
2017;600;-1;6.8;3670
2017;700;-1;6.8;4200
2017;800;-1;6.8;4910
2017;900;-1;6.8;5620
2017;1000;-1;6.8;6160
2017;1200;-1;6.8;7600
2017;1400;-1;6.8;8990